16
0 1 9
0 2 1
0 3 1
0 4 8
0 5 2
0 7 3
0 9 1
0 10 3
0 12 5
0 15 8
1 4 3
1 5 3
1 7 6
1 9 2
1 10 5
1 13 8
2 3 7
2 4 9
2 5 4
2 11 4
3 0 4
3 1 2
3 4 7
3 7 3
3 9 8
3 10 1
3 13 10
3 14 5
3 15 9
4 1 2
4 3 10
4 6 5
4 9 2
4 12 8
5 0 7
5 3 9
5 7 3
5 9 2
5 12 10
5 14 4
5 15 6
6 3 7
6 5 10
6 7 8
6 8 8
6 9 10
6 12 4
6 14 8
7 1 2
7 2 5
7 5 9
7 6 5
7 8 5
7 9 7
7 12 1
7 14 4
8 0 3
8 1 5
8 3 3
8 4 5
8 10 4
8 13 1
8 14 9
9 0 10
9 1 2
9 2 6
9 3 6
9 5 8
9 6 2
9 7 7
9 10 1
9 11 6
9 12 2
9 14 6
10 4 5
10 7 1
10 8 4
10 9 2
10 13 4
10 14 7
10 15 2
11 0 6
11 2 7
11 3 9
11 7 10
11 10 8
11 12 5
11 13 8
12 1 3
12 5 5
12 6 6
12 9 9
12 10 9
12 11 3
12 14 4
12 15 5
13 3 8
13 4 4
13 5 9
13 6 9
13 9 7
13 10 6
13 11 4
13 14 4
14 1 1
14 4 4
14 6 2
14 8 9
14 15 5
15 1 4
15 4 9
15 5 1
15 7 5
15 8 2
15 12 6
15 14 7
